0	0
0.01	0.237714286
0.02	0.494857143
0.03	0.459428571
0.04	0.494285714
0.05	0.659428571
0.06	0.915428571
0.07	0.957142857
0.08	1.184571429
0.09	2.237142857
0.1	2.290285714
0.11	2.497142857
0.12	3.64
0.13	3.864571429
0.14	3.999428571
0.15	3.672571429
0.16	4.325714286
0.17	4.984571429
0.18	4.629142857
0.19	5.168
0.2	5.486285714
0.21	5.834285714
0.22	6.064571429
0.23	5.924571429
0.24	5.7
0.25	5.241714286
0.26	5.093142857
0.27	5.016571429
0.28	4.981142857
0.29	5.417142857
0.3	6.191428571
0.31	6.842285714
0.32	7.773714286
0.33	8.261142857
0.34	8.961714286
0.35	9.187428571
0.36	9.014285714
0.37	9.017142857
0.38	8.325142857
0.39	8.229142857
0.4	7.964571429
0.41	8.813142857
0.42	12.71485714
0.43	22.25428571
0.44	84.86228571
0.45	221.9022857
0.46	293.2971429
0.47	299.0497143
0.48	278.7902857
0.49	263.684
0.5	249.5148571
0.51	193.7314286
0.52	208.3005714
0.53	253.836
0.54	240.504
0.55	225.3582857
0.56	229.3908571
0.57	228.5662857
0.58	238.7948571
0.59	252.9171429
0.6	254.2645714
0.61	235.3314286
0.62	223.2657143
0.63	229.7154286
0.64	242.0268571
0.65	250.0508571
0.66	243.8822857
0.67	233.216
0.68	232.2668571
0.69	241.4954286
0.7	250.7948571
0.71	247.7251429
0.72	238.7954286
0.73	231.8377143
0.74	226.932
0.75	238.0542857
0.76	244.1897143
0.77	219.0731429
0.78	209.5148571
0.79	220.6331429
0.8	223.7314286
0.81	221.0348571
0.82	216.152
0.83	214.7508571
0.84	216.7908571
0.85	216.7165714
0.86	218.2508571
0.87	219.448
0.88	211.0257143
0.89	202.2754286
0.9	206.6337143
0.91	210.1302857
0.92	204.4634286
0.93	204.7314286
0.94	176.4285714
0.95	163.5205714
0.96	180.492
0.97	168.1817143
0.98	160.4702857
0.99	170.3165714
1	183.1331429
1.01	193.6954286
1.02	200.472
1.03	200.8057143
1.04	193.6342857
1.05	203.0582857
1.06	185.7211429
1.07	155.0862857
1.08	162.5045714
1.09	163.3622857
1.1	157.7514286
1.11	157.0982857
1.12	154.232
1.13	156.9862857
1.14	175.6628571
1.15	188.5977143
1.16	182.0702857
1.17	168.3182857
1.18	158.22
1.19	162.4474286
1.2	179.5937143
1.21	178.9354286
1.22	159.2937143
1.23	150.8765714
1.24	155.4525714
1.25	167.872
1.26	181.8948571
1.27	187.1908571
1.28	186.1028571
1.29	170.676
1.3	156.2068571
1.31	153.2714286
1.32	141.5657143
1.33	143.776
1.34	143.6754286
1.35	138.976
1.36	167.8142857
1.37	159.0708571
1.38	148.484
1.39	147.8685714
1.4	148.7737143
1.41	177.6571429
1.42	179.5817143
1.43	169.6754286
1.44	171.2954286
1.45	171.52
1.46	142.1125714
1.47	125.4611429
1.48	139.6497143
1.49	151.6971429
1.5	161.2937143
1.51	157.7457143
1.52	141.1017143
1.53	163.7108571
1.54	151.0754286
1.55	135.5948571
1.56	168.3662857
1.57	179.3542857
1.58	172.1051429
1.59	157.2337143
1.6	158.0457143
1.61	180.9234286
1.62	173.5651429
1.63	128.044
1.64	113.5337143
1.65	126.3034286
1.66	135.1497143
1.67	143.6262857
1.68	183.9914286
1.69	152.5028571
1.7	123.4285714
1.71	152.6148571
1.72	123.1982857
1.73	108.3188571
1.74	125.4651429
1.75	126.1297143
1.76	132.3594286
1.77	144.7497143
1.78	146.4908571
1.79	149.0211429
1.8	151.3485714
1.81	145.172
1.82	145.5874286
1.83	120.5268571
1.84	97.83428571
1.85	141.4457143
1.86	137.7565714
1.87	114.7365714
1.88	129.1434286
1.89	125.5485714
1.9	111.7554286
1.91	119.0428571
1.92	120.4274286
1.93	112.6302857
1.94	115.4657143
1.95	102.0148571
1.96	90.43085714
1.97	94.50857143
1.98	110.5988571
1.99	101.4937143
2	85.57771429
2.01	97.38057143
2.02	106.1794286
2.03	96.51942857
2.04	94.89714286
2.05	101.5965714
2.06	98.93542857
2.07	99.17371429
2.08	86.51142857
2.09	84.88228571
2.1	98.17942857
2.11	117.3302857
2.12	108.1685714
2.13	111.1948571
2.14	107.2931429
2.15	88.55314286
2.16	112.9874286
2.17	126.0148571
2.18	118.764
2.19	106.5297143
2.2	96.97828571
2.21	82.16342857
2.22	77.75371429
2.23	86.31314286
2.24	91.62628571
2.25	86.06685714
2.26	77.24857143
2.27	90.73371429
2.28	94.596
2.29	95.25542857
2.3	116.9342857
2.31	111.4274286
2.32	92.96742857
2.33	91.95314286
2.34	79.95771429
2.35	74.11314286
2.36	73.72171429
2.37	70.03828571
2.38	77.43428571
2.39	68.72228571
2.4	69.332
2.41	90.34514286
2.42	81.85428571
2.43	64.79085714
2.44	74.94571429
2.45	82.08171429
2.46	77.25257143
2.47	71.66228571
2.48	80.55142857
2.49	88.01028571
2.5	104.6245714
2.51	82.49142857
2.52	56.18742857
2.53	77.31028571
2.54	87.29085714
2.55	97.488
2.56	82.716
2.57	69.63314286
2.58	84.52171429
2.59	88.30114286
2.6	82.52514286
2.61	84.05657143
2.62	83.81771429
2.63	70.21828571
2.64	61.25142857
2.65	60.29257143
2.66	64.076
2.67	65.49371429
2.68	65.4
2.69	52.33314286
2.7	50.27657143
2.71	77.34
2.72	73.31257143
2.73	57.97657143
2.74	68.55028571
2.75	82.87885714
2.76	85.09714286
2.77	81.90628571
2.78	83.33257143
2.79	85.84628571
2.8	66.968
2.81	52.01371429
2.82	60.95885714
2.83	55.05257143
2.84	46.71885714
2.85	52.43085714
2.86	56.04342857
2.87	57.93828571
2.88	59.60457143
2.89	61.11942857
2.9	63.94514286
2.91	58.08057143
2.92	54.51828571
2.93	53.63428571
2.94	60.95028571
2.95	59.432
2.96	38.66914286
2.97	52.77485714
2.98	55.97371429
2.99	48.07942857
3	53.47542857
3.01	52.71542857
3.02	41.41428571
3.03	46.15942857
3.04	44.54171429
3.05	37.62571429
3.06	57.43942857
3.07	61.25542857
3.08	59.88171429
3.09	53.58857143
3.1	45.744
3.11	48.99714286
3.12	42.87428571
3.13	40.57942857
3.14	34.78742857
3.15	31.02057143
3.16	46.33657143
3.17	53.83485714
3.18	46.15314286
3.19	40.13142857
3.2	66.2
3.21	54.02742857
3.22	25.964
3.23	61.01657143
3.24	50.53657143
3.25	21.716
3.26	36.51714286
3.27	40.10914286
3.28	38.61314286
3.29	39.73485714
3.3	43.73714286
3.31	36.16571429
3.32	27.05542857
3.33	50.39885714
3.34	42.44914286
3.35	42.07142857
3.36	42.98571429
3.37	26.14628571
3.38	49.12057143
3.39	60.96685714
3.4	77.83771429
3.41	49.79257143
3.42	23.96171429
3.43	35.71542857
3.44	49.05771429
3.45	31.81714286
3.46	18.17771429
3.47	42.82971429
3.48	48.97828571
3.49	53.776
3.5	46.42914286
3.51	30.08114286
3.52	46.78228571
3.53	61.10857143
3.54	25.98971429
3.55	13.52914286
3.56	24.66857143
3.57	40.85942857
3.58	34.79142857
3.59	18.37314286
3.6	37.12685714
3.61	34.74171429
3.62	24.448
3.63	32.26057143
3.64	40.07142857
3.65	14.252
3.66	6.168
3.67	31.01885714
3.68	29.57885714
3.69	35.47828571
3.7	26.32114286
3.71	13.06171429
3.72	31.87085714
3.73	51.04285714
3.74	28.79085714
3.75	12.836
3.76	34.45028571
3.77	22.90971429
3.78	11.90914286
3.79	34.00971429
3.8	25.69085714
3.81	4.592
3.82	17.25828571
3.83	19.46342857
3.84	16.37257143
3.85	5.145714286
3.86	7.796
3.87	8.530285714
3.88	21.08742857
3.89	28.40171429
3.9	14.57485714
3.91	32.49085714
3.92	32.60571429
3.93	15.28285714
3.94	22.868
3.95	26.02
3.96	5.810857143
3.97	30.92857143
3.98	33.78514286
3.99	12.91142857
4	10.04114286
4.01	7.724
4.02	14.45771429
4.03	14.57542857
4.04	22.24114286
4.05	10.39885714
4.06	6.157142857
4.07	13.764
4.08	18.68685714
4.09	12.73314286
4.1	2.458857143
4.11	14.99714286
4.12	12.36628571
4.13	19.89828571
4.14	17.91371429
